<?xml version="1.0"?>
<opencv_storage>
<ext_R type_id="opencv-matrix">
  <rows>3</rows>
  <cols>3</cols>
  <dt>d</dt>
  <data>
    9.9933862474809532e-01 -7.4849528626745321e-03
    -3.5584948605118370e-02 6.6748859405348845e-03
    9.9971710434514749e-01 -2.2828867195596608e-02
    3.5745754772647138e-02 2.2576243274665460e-02 9.9910587740005641e-01</data></ext_R>
</opencv_storage>
