<?xml version="1.0"?>
<opencv_storage>
<ext_T type_id="opencv-matrix">
  <rows>3</rows>
  <cols>1</cols>
  <dt>d</dt>
  <data>
    9.9989445471113481e-01 9.1932184878807579e-03 1.1250074300050190e-02</data></ext_T>
</opencv_storage>
