<?xml version="1.0"?>
<opencv_storage>
<H type_id="opencv-matrix">
  <rows>3</rows>
  <cols>3</cols>
  <dt>d</dt>
  <data>
    1.0953565596512784e+00 2.0841526641260452e-01
    -1.7135954000977239e+02 3.5631520563567588e-02
    1.0581466601125664e+00 -9.9011418304579578e+01
    2.9542090771238608e-05 8.6654706392448317e-06 1.</data></H>
</opencv_storage>
