<?xml version="1.0"?>
<opencv_storage>
<ext_R type_id="opencv-matrix">
  <rows>3</rows>
  <cols>3</cols>
  <dt>d</dt>
  <data>
    9.9931365203785338e-01 -7.8712729782322265e-03
    -3.6197623022377563e-02 7.0432810634572665e-03
    9.9971191554854744e-01 -2.2945110636355067e-02
    3.6367802279339771e-02 2.2674412273652900e-02 9.9908120490049002e-01</data></ext_R>
</opencv_storage>
