<?xml version="1.0"?>
<opencv_storage>
<ext_R type_id="opencv-matrix">
  <rows>3</rows>
  <cols>3</cols>
  <dt>d</dt>
  <data>
    9.9936109584271360e-01 -7.5308736543685797e-03
    -3.4938317905312280e-02 6.7158358258966504e-03
    9.9970393139935787e-01 -2.3386900047413194e-02
    3.5104097555845683e-02 2.3137318052661789e-02 9.9911579251261962e-01</data></ext_R>
</opencv_storage>
