<?xml version="1.0"?>
<opencv_storage>
<H type_id="opencv-matrix">
  <rows>3</rows>
  <cols>3</cols>
  <dt>d</dt>
  <data>
    1.1045477661855452e+00 2.1683157590947624e-01
    -1.8156091450448571e+02 3.7847148450863982e-02
    1.0686173792975584e+00 -1.0549060610087039e+02
    3.1775247998939486e-05 1.2913096692898500e-05 1.</data></H>
</opencv_storage>
