<?xml version="1.0"?>
<opencv_storage>
<ext_T type_id="opencv-matrix">
  <rows>3</rows>
  <cols>1</cols>
  <dt>d</dt>
  <data>
    9.9976723340444174e-01 1.1184187725219187e-02 1.8449741346577429e-02</data></ext_T>
</opencv_storage>
