<?xml version="1.0"?>
<opencv_storage>
<H type_id="opencv-matrix">
  <rows>3</rows>
  <cols>3</cols>
  <dt>d</dt>
  <data>
    1.0962819071243493e+00 2.0752643087333469e-01
    -1.7178196882509235e+02 3.6598482760959991e-02
    1.0582990154705467e+00 -1.0011682545915541e+02
    2.9930830703016747e-05 8.2661180639199213e-06 1.</data></H>
</opencv_storage>
