<?xml version="1.0"?>
<opencv_storage>
<ext_T type_id="opencv-matrix">
  <rows>3</rows>
  <cols>1</cols>
  <dt>d</dt>
  <data>
    9.9993757434857489e-01 9.5172556101843688e-03 5.8539944942641430e-03</data></ext_T>
</opencv_storage>
