<?xml version="1.0"?>
<opencv_storage>
<ext_R type_id="opencv-matrix">
  <rows>3</rows>
  <cols>3</cols>
  <dt>d</dt>
  <data>
    9.9929825013449369e-01 -7.6337907594753443e-03
    -3.6670594715378660e-02 6.7983983183760536e-03
    9.9971574550305620e-01 -2.2851914002401736e-02
    3.6834617663873075e-02 2.2586576365377111e-02 9.9906609266336677e-01</data></ext_R>
</opencv_storage>
