<?xml version="1.0"?>
<opencv_storage>
<H type_id="opencv-matrix">
  <rows>3</rows>
  <cols>3</cols>
  <dt>d</dt>
  <data>
    1.1009851184408983e+00 2.1099537069507818e-01
    -1.7467240412653021e+02 3.7421430553277388e-02
    1.0657644347362594e+00 -1.0391769413689575e+02
    3.1067588543293208e-05 1.1668261884274384e-05 1.</data></H>
</opencv_storage>
