<?xml version="1.0"?>
<opencv_storage>
<intr type_id="opencv-matrix">
  <rows>3</rows>
  <cols>3</cols>
  <dt>d</dt>
  <data>
    1.4566700882417256e+03 0. 1.2175266559085962e+03 0.
    1.4566484578834820e+03 1.0151110442545511e+03 0. 0. 1.</data></intr>
</opencv_storage>
