<?xml version="1.0"?>
<opencv_storage>
<ext_R type_id="opencv-matrix">
  <rows>3</rows>
  <cols>3</cols>
  <dt>d</dt>
  <data>
    9.9929785597119347e-01 -7.4500291397625370e-03
    -3.6719097445231552e-02 6.6088956538846947e-03
    9.9971418053923067e-01 -2.2975633332086111e-02
    3.6879771550428368e-02 2.2716828444813573e-02 9.9906147366205500e-01</data></ext_R>
</opencv_storage>
