<?xml version="1.0"?>
<opencv_storage>
<H type_id="opencv-matrix">
  <rows>3</rows>
  <cols>3</cols>
  <dt>d</dt>
  <data>
    1.0998739646071185e+00 2.0859677954207098e-01
    -1.7656662472239256e+02 3.6498226985893292e-02
    1.0583364640767587e+00 -1.0015283538798671e+02
    3.0726084760907843e-05 7.2422653383527015e-06 1.</data></H>
</opencv_storage>
