<?xml version="1.0"?>
<opencv_storage>
<ext_T type_id="opencv-matrix">
  <rows>3</rows>
  <cols>1</cols>
  <dt>d</dt>
  <data>
    9.9983157470293504e-01 1.0231205385317937e-02 1.5236294280849265e-02</data></ext_T>
</opencv_storage>
