<?xml version="1.0"?>
<opencv_storage>
<ext_T type_id="opencv-matrix">
  <rows>3</rows>
  <cols>1</cols>
  <dt>d</dt>
  <data>
    9.9985048451589764e-01 1.0596745630394514e-02 1.3664464693838706e-02</data></ext_T>
</opencv_storage>
