<?xml version="1.0"?>
<opencv_storage>
<ext_R type_id="opencv-matrix">
  <rows>3</rows>
  <cols>3</cols>
  <dt>d</dt>
  <data>
    9.9931601621706301e-01 -7.5936861852178277e-03
    -3.6191651829931198e-02 6.7657116882423934e-03
    9.9971382777084494e-01 -2.2945319982889262e-02
    3.6355534343619690e-02 2.2684763474324094e-02 9.9908141641645209e-01</data></ext_R>
</opencv_storage>
