<?xml version="1.0"?>
<opencv_storage>
<H type_id="opencv-matrix">
  <rows>3</rows>
  <cols>3</cols>
  <dt>d</dt>
  <data>
    1.0916877858856271e+00 2.0948701746959339e-01
    -1.7262477686686594e+02 3.4885440468558036e-02
    1.0535336206069241e+00 -9.6828474897268634e+01
    2.8240073662681275e-05 6.8848174014988173e-06 1.</data></H>
</opencv_storage>
