<?xml version="1.0"?>
<opencv_storage>
<ext_T type_id="opencv-matrix">
  <rows>3</rows>
  <cols>1</cols>
  <dt>d</dt>
  <data>
    9.9991185743639310e-01 9.3756694680439782e-03 9.4007542319032942e-03</data></ext_T>
</opencv_storage>
