<?xml version="1.0"?>
<opencv_storage>
<H type_id="opencv-matrix">
  <rows>3</rows>
  <cols>3</cols>
  <dt>d</dt>
  <data>
    1.0936934634096485e+00 2.1120330449326649e-01
    -1.7291053533509086e+02 3.5427507235188324e-02
    1.0594800447069126e+00 -1.0009929276144406e+02
    2.8334039718653659e-05 1.0189635109557790e-05 1.</data></H>
</opencv_storage>
